THONG KE SO LUONG TOTAL_EVALUATIONS THEO TUNG NHOM INSTANCE
(moi nhom instance thuong gom 10 lan chay, gia tri lay tu file JSON ket qua)
==============================================================================================

### Thu muc: ims

-- Bo customer = 100 --
Instance      Runs                 Avg             Min             Max                 Sum
------------------------------------------------------------------------------------------
100.10.1        10       58,714,058.00      58,389,580      59,070,373         587,140,580
100.20.2        10       59,905,791.30      59,269,804      60,380,208         599,057,913
100.30.3        10       63,035,082.40      62,466,244      63,611,314         630,350,824
100.40.4        10       63,751,130.90      63,286,793      64,097,013         637,511,309
------------------------------------------------------------------------------------------
TONG/TB         40       61,351,515.65      58,389,580      64,097,013       2,454,060,626

-- Bo customer = 200 --
Instance      Runs                 Avg             Min             Max                 Sum
------------------------------------------------------------------------------------------
200.10.1        10      190,314,307.80     189,464,915     191,333,739       1,903,143,078
200.20.2        10      189,389,229.50     188,644,570     190,337,121       1,893,892,295
200.30.3        10      196,026,216.50     195,239,246     197,432,700       1,960,262,165
200.40.4        10      202,793,699.90     202,084,177     203,586,442       2,027,936,999
------------------------------------------------------------------------------------------
TONG/TB         40      194,630,863.43     188,644,570     203,586,442       7,785,234,537

-- Bo customer = 500 --
Instance      Runs                 Avg             Min             Max                 Sum
------------------------------------------------------------------------------------------
500.10.1        10    2,394,308,073.50   2,373,807,291   2,414,246,230      23,943,080,735
500.20.2        10    2,345,194,670.30   2,333,718,255   2,359,366,664      23,451,946,703
500.30.3        10    2,981,793,209.10   2,950,606,613   3,003,634,402      29,817,932,091
500.40.4        10    3,311,675,573.90   3,288,839,242   3,327,024,734      33,116,755,739
------------------------------------------------------------------------------------------
TONG/TB         40    2,758,242,881.70   2,333,718,255   3,327,024,734     110,329,715,268

-- Bo customer = 1000 --
Instance      Runs                 Avg             Min             Max                 Sum
------------------------------------------------------------------------------------------
1000.10.1       10   10,032,920,119.70   9,887,514,235  10,124,350,735     100,329,201,197
1000.20.2        1    9,683,939,936.00   9,683,939,936   9,683,939,936       9,683,939,936
------------------------------------------------------------------------------------------
TONG/TB         11   10,001,194,648.45   9,683,939,936  10,124,350,735     110,013,141,133


### Thu muc: sats

-- Bo customer = 100 --
Instance      Runs                 Avg             Min             Max                 Sum
------------------------------------------------------------------------------------------
100.10.1        10       66,362,149.70      63,629,660      67,734,996         663,621,497
100.20.2        10       67,613,470.50      64,322,996      68,962,416         676,134,705
100.30.3        10       72,505,498.50      71,781,500      73,114,220         725,054,985
100.40.4        10       73,382,559.20      72,891,532      73,724,256         733,825,592
------------------------------------------------------------------------------------------
TONG/TB         40       69,965,919.47      63,629,660      73,724,256       2,798,636,779

-- Bo customer = 200 --
Instance      Runs                 Avg             Min             Max                 Sum
------------------------------------------------------------------------------------------
200.10.1        10      218,917,315.80     217,514,077     219,583,521       2,189,173,158
200.20.2        10      215,953,427.50     206,478,922     218,180,193       2,159,534,275
200.30.3        10      225,250,069.20     223,962,477     226,413,666       2,252,500,692
200.40.4        10      232,920,931.10     231,708,235     234,346,250       2,329,209,311
------------------------------------------------------------------------------------------
TONG/TB         40      223,260,435.90     206,478,922     234,346,250       8,930,417,436

-- Bo customer = 500 --
Instance      Runs                 Avg             Min             Max                 Sum
------------------------------------------------------------------------------------------
500.10.1        10    2,980,858,823.00   2,966,462,128   2,995,517,763      29,808,588,230
500.20.2        10    2,759,666,388.20   2,663,213,971   2,891,547,602      27,596,663,882
500.30.3        10    3,451,150,135.50   3,261,898,928   3,568,670,770      34,511,501,355
500.40.4        10    3,818,328,074.50   3,699,406,802   3,855,837,359      38,183,280,745
------------------------------------------------------------------------------------------
TONG/TB         40    3,252,500,855.30   2,663,213,971   3,855,837,359     130,100,034,212

-- Bo customer = 1000 --
Instance      Runs                 Avg             Min             Max                 Sum
------------------------------------------------------------------------------------------
1000.10.1       10   13,996,291,925.60  13,866,271,976  14,097,061,566     139,962,919,256
1000.20.2       10   13,584,961,501.00  12,563,402,495  13,785,393,151     135,849,615,010
1000.30.3       10   17,158,068,143.40  17,019,707,572  17,326,270,452     171,580,681,434
1000.40.4       10   18,620,676,127.30  17,458,720,439  18,930,160,476     186,206,761,273
------------------------------------------------------------------------------------------
TONG/TB         40   15,839,999,424.33  12,563,402,495  18,930,160,476     633,599,976,973

