THONG KE SO LUONG TOTAL_EVALUATIONS THEO TUNG NHOM INSTANCE
(moi nhom instance thuong gom 10 lan chay, gia tri lay tu file JSON ket qua)
==============================================================================================

### Thu muc: ms

-- Bo customer = 6 --
Instance      Runs                 Avg             Min             Max                 Sum
------------------------------------------------------------------------------------------
6.5.1           10          137,606.30          43,813         202,401           1,376,063
6.5.2           10          119,955.10          45,120         159,897           1,199,551
6.5.3           10          124,811.30          39,080         203,302           1,248,113
6.5.4           10          113,053.80          36,277         219,587           1,130,538
6.10.1          10          158,119.60          54,380         216,449           1,581,196
6.10.2          10          123,498.80          41,098         149,633           1,234,988
6.10.3          10          114,957.60          41,516         185,211           1,149,576
6.10.4          10          128,317.90          43,864         213,754           1,283,179
6.20.1          10          113,000.80          47,407         255,956           1,130,008
6.20.2          10          137,913.00          35,742         191,380           1,379,130
6.20.3          10          103,926.50          45,693         161,212           1,039,265
6.20.4          10          125,490.90          48,327         159,982           1,254,909
------------------------------------------------------------------------------------------
TONG/TB        120          125,054.30          35,742         255,956          15,006,516

-- Bo customer = 10 --
Instance      Runs                 Avg             Min             Max                 Sum
------------------------------------------------------------------------------------------
10.5.1          10        1,043,370.60         327,312       1,168,592          10,433,706
10.5.2          10          773,454.10         292,981       1,202,309           7,734,541
10.5.3          10          800,426.40         257,727       1,054,132           8,004,264
10.5.4          10          944,272.10         261,472       1,246,861           9,442,721
10.10.1         10          679,202.00         231,533       1,082,578           6,792,020
10.10.2         10          844,813.80         232,643       1,074,934           8,448,138
10.10.3         10          911,970.00         234,570       1,137,351           9,119,700
10.10.4         10          890,258.70         278,867       1,055,728           8,902,587
10.20.1         10          921,515.10         304,290       1,288,484           9,215,151
10.20.2         10        1,051,110.50         332,633       1,485,381          10,511,105
10.20.3         10        1,169,389.50         331,357       1,410,268          11,693,895
10.20.4         10        1,536,476.10       1,507,944       1,575,506          15,364,761
------------------------------------------------------------------------------------------
TONG/TB        120          963,854.91         231,533       1,575,506         115,662,589

-- Bo customer = 12 --
Instance      Runs                 Avg             Min             Max                 Sum
------------------------------------------------------------------------------------------
12.5.1          10        1,649,236.10         622,168       1,879,455          16,492,361
12.5.2          10        1,652,018.30         682,315       1,994,455          16,520,183
12.5.3          10        1,290,691.40         597,618       1,740,662          12,906,914
12.5.4          10        1,115,128.80         551,998       1,866,398          11,151,288
12.10.1         10        1,609,146.90         608,858       1,924,652          16,091,469
12.10.2         10        1,376,571.30         423,069       1,889,049          13,765,713
12.10.3         10        1,670,591.50       1,242,388       1,843,237          16,705,915
12.10.4         10        1,684,638.20       1,305,911       1,909,742          16,846,382
12.20.1         10        1,828,253.90         697,495       2,255,124          18,282,539
12.20.2         10        2,246,546.70       1,219,554       2,404,444          22,465,467
12.20.3         10        1,800,177.00         816,852       2,051,418          18,001,770
12.20.4         10        2,253,403.90       1,308,089       2,468,566          22,534,039
------------------------------------------------------------------------------------------
TONG/TB        120        1,681,367.00         423,069       2,468,566         201,764,040

-- Bo customer = 20 --
Instance      Runs                 Avg             Min             Max                 Sum
------------------------------------------------------------------------------------------
20.5.1          10        3,181,715.00       3,062,015       3,278,370          31,817,150
20.5.2          10        3,111,057.10       2,239,846       3,274,111          31,110,571
20.5.3          10        2,815,414.00       1,831,257       3,191,351          28,154,140
20.5.4          10        2,937,406.00       1,963,243       3,231,927          29,374,060
20.10.1         10        2,995,281.50       2,244,996       3,102,471          29,952,815
20.10.2         10        2,668,740.60       1,712,116       3,152,776          26,687,406
20.10.3         10        2,578,655.10       2,118,626       3,057,580          25,786,551
20.10.4         10        2,363,086.60       1,562,916       3,127,909          23,630,866
20.20.1         10        3,641,248.70       2,226,646       3,903,764          36,412,487
20.20.2         10        3,348,895.00       2,207,588       3,920,787          33,488,950
20.20.3         10        3,578,820.60       2,237,689       3,907,552          35,788,206
20.20.4         10        3,120,859.70       2,177,130       3,535,661          31,208,597
------------------------------------------------------------------------------------------
TONG/TB        120        3,028,431.66       1,562,916       3,920,787         363,411,799

-- Bo customer = 50 --
Instance      Runs                 Avg             Min             Max                 Sum
------------------------------------------------------------------------------------------
50.10.1         10       54,265,666.50      52,225,819      55,264,747         542,656,665
50.10.2         10       54,191,161.80      52,438,989      55,295,877         541,911,618
50.10.3         10       53,592,535.00      51,885,239      54,178,035         535,925,350
50.10.4         10       53,743,392.30      52,577,219      54,142,604         537,433,923
50.20.1         10       60,106,345.60      58,815,492      60,925,259         601,063,456
50.20.2         10       60,157,455.50      59,941,226      60,339,315         601,574,555
50.20.3         10       58,325,742.80      57,409,931      58,701,279         583,257,428
50.20.4         10       60,895,413.50      59,318,235      61,411,445         608,954,135
50.30.1         10       62,501,721.80      61,276,562      62,791,324         625,017,218
50.30.2         10       62,445,506.80      61,624,678      63,259,497         624,455,068
50.30.3         10       62,111,039.60      60,810,567      62,420,137         621,110,396
50.30.4         10       61,741,887.60      60,634,276      62,292,703         617,418,876
50.40.1         10       60,439,199.20      59,480,602      60,772,155         604,391,992
50.40.2         10       60,819,255.20      59,705,784      61,113,803         608,192,552
50.40.3         10       60,383,143.70      59,195,131      60,968,377         603,831,437
50.40.4         10       61,201,409.90      60,909,838      61,431,819         612,014,099
------------------------------------------------------------------------------------------
TONG/TB        160       59,182,554.80      51,885,239      63,259,497       9,469,208,768

-- Bo customer = 100 --
Instance      Runs                 Avg             Min             Max                 Sum
------------------------------------------------------------------------------------------
100.10.1        10      358,870,210.10     355,643,716     359,645,365       3,588,702,101
100.10.2        10      358,866,621.70     354,780,616     361,291,941       3,588,666,217
100.10.3        10      358,551,280.70     357,033,035     359,410,218       3,585,512,807
100.10.4        10      360,771,960.50     358,614,913     361,524,299       3,607,719,605
100.20.1        10      360,426,086.60     352,961,979     364,135,442       3,604,260,866
100.20.2        10      364,169,628.60     363,435,011     365,035,853       3,641,696,286
100.20.3        10      359,701,240.60     356,815,634     360,968,222       3,597,012,406
100.20.4        10      360,257,464.50     359,248,639     360,909,707       3,602,574,645
100.30.1        10      387,104,422.60     385,026,144     388,267,536       3,871,044,226
100.30.2        10      388,853,872.50     388,309,622     389,298,804       3,888,538,725
100.30.3        10      384,113,144.60     382,603,261     385,104,980       3,841,131,446
100.30.4        10      389,485,207.10     387,910,737     390,390,838       3,894,852,071
100.40.1        10      387,379,151.70     385,253,981     388,515,135       3,873,791,517
100.40.2        10      385,370,802.90     383,208,362     386,556,391       3,853,708,029
100.40.3        10      383,854,879.80     381,983,075     385,218,111       3,838,548,798
100.40.4        10      388,276,054.90     386,849,603     389,153,027       3,882,760,549
------------------------------------------------------------------------------------------
TONG/TB        160      373,503,251.84     352,961,979     390,390,838      59,760,520,294

-- Bo customer = 200 --
Instance      Runs                 Avg             Min             Max                 Sum
------------------------------------------------------------------------------------------
200.10.1        10    1,155,389,158.80   1,145,833,474   1,157,793,939      11,553,891,588
200.10.2         1    1,139,477,242.00   1,139,477,242   1,139,477,242       1,139,477,242
------------------------------------------------------------------------------------------
TONG/TB         11    1,153,942,620.91   1,139,477,242   1,157,793,939      12,693,368,830

