THONG KE SO LUONG TOTAL_EVALUATIONS THEO TUNG NHOM INSTANCE
(moi nhom instance thuong gom 10 lan chay, gia tri lay tu file JSON ket qua)
==============================================================================================

### Thu muc: ims

-- Bo customer = 6 --
Instance      Runs                 Avg             Min             Max                 Sum
------------------------------------------------------------------------------------------
6.5.1           10           32,989.50          28,062          35,008             329,895
6.5.2           10           40,353.90          37,322          42,873             403,539
6.5.3           10           32,854.50          21,741          37,136             328,545
6.5.4           10           36,716.80          32,506          41,156             367,168
6.10.1          10           33,277.90          18,674          38,634             332,779
6.10.2          10           35,866.60          30,563          38,616             358,666
6.10.3          10           33,039.70          21,611          37,648             330,397
6.10.4          10           37,972.30          35,197          40,702             379,723
6.20.1          10           39,779.10          29,435          45,183             397,791
6.20.2          10           32,346.40          28,690          35,109             323,464
6.20.3          10           39,783.90          36,066          43,951             397,839
6.20.4          10           39,580.50          33,315          42,857             395,805
------------------------------------------------------------------------------------------
TONG/TB        120           36,213.43          18,674          45,183           4,345,611

-- Bo customer = 10 --
Instance      Runs                 Avg             Min             Max                 Sum
------------------------------------------------------------------------------------------
10.5.1          10          239,183.90         173,110         270,053           2,391,839
10.5.2          10          257,186.30         246,663         275,417           2,571,863
10.5.3          10          226,417.90         196,649         236,822           2,264,179
10.5.4          10          241,564.00         169,998         280,648           2,415,640
10.10.1         10          206,174.60         146,385         243,239           2,061,746
10.10.2         10          214,254.40         176,812         234,618           2,142,544
10.10.3         10          235,893.90         168,801         257,534           2,358,939
10.10.4         10          232,365.70         181,811         250,272           2,323,657
10.20.1         10          278,628.80         213,222         302,135           2,786,288
10.20.2         10          336,953.90         286,530         364,712           3,369,539
10.20.3         10          310,555.80         257,267         343,794           3,105,558
10.20.4         10          335,868.70         244,783         377,802           3,358,687
------------------------------------------------------------------------------------------
TONG/TB        120          259,587.33         146,385         377,802          31,150,479

-- Bo customer = 12 --
Instance      Runs                 Avg             Min             Max                 Sum
------------------------------------------------------------------------------------------
12.5.1          10          435,475.40         308,147         474,695           4,354,754
12.5.2          10          413,163.40         312,338         476,743           4,131,634
12.5.3          10          395,535.90         333,104         437,993           3,955,359
12.5.4          10          433,445.20         352,083         461,863           4,334,452
12.10.1         10          425,243.20         307,651         471,014           4,252,432
12.10.2         10          432,368.10         395,824         449,225           4,323,681
12.10.3         10          401,049.90         260,644         437,965           4,010,499
12.10.4         10          399,672.30         315,085         445,383           3,996,723
12.20.1         10          486,634.90         446,393         516,367           4,866,349
12.20.2         10          551,897.80         461,777         588,176           5,518,978
12.20.3         10          452,514.50         379,750         494,391           4,525,145
12.20.4         10          547,334.70         415,440         594,743           5,473,347
------------------------------------------------------------------------------------------
TONG/TB        120          447,861.28         260,644         594,743          53,743,353

-- Bo customer = 20 --
Instance      Runs                 Avg             Min             Max                 Sum
------------------------------------------------------------------------------------------
20.5.1          10          654,528.00         515,942         716,285           6,545,280
20.5.2          10          649,697.80         583,435         700,644           6,496,978
20.5.3          10          639,951.40         514,331         725,320           6,399,514
20.5.4          10          624,146.00         529,168         716,632           6,241,460
20.10.1         10          661,442.30         563,197         717,619           6,614,423
20.10.2         10          599,726.40         528,976         699,818           5,997,264
20.10.3         10          622,034.40         477,490         706,185           6,220,344
20.10.4         10          537,610.40         441,002         633,800           5,376,104
20.20.1         10          662,489.10         526,686         776,193           6,624,891
20.20.2         10          684,617.50         566,315         742,615           6,846,175
20.20.3         10          635,431.60         474,678         768,474           6,354,316
20.20.4         10          566,020.20         404,184         649,922           5,660,202
------------------------------------------------------------------------------------------
TONG/TB        120          628,141.26         404,184         776,193          75,376,951

-- Bo customer = 50 --
Instance      Runs                 Avg             Min             Max                 Sum
------------------------------------------------------------------------------------------
50.10.1         10        9,279,318.50       8,683,054       9,997,020          92,793,185
50.10.2         10        9,665,156.20       9,359,552      10,004,397          96,651,562
50.10.3         10        9,006,772.10       7,982,642       9,529,527          90,067,721
50.10.4         10        9,015,930.30       8,323,531       9,549,817          90,159,303
50.20.1         10       10,486,198.30       9,531,488      11,185,023         104,861,983
50.20.2         10       10,366,823.80       9,663,251      10,916,124         103,668,238
50.20.3         10       10,279,936.50       9,700,953      10,670,919         102,799,365
50.20.4         10       10,631,456.80       9,958,557      11,327,263         106,314,568
50.30.1         10       10,719,160.20       9,954,904      11,440,949         107,191,602
50.30.2         10       10,413,219.20       7,473,516      11,402,438         104,132,192
50.30.3         10       10,382,551.00       6,690,284      11,412,814         103,825,510
50.30.4         10        9,938,377.00       6,868,926      11,783,871          99,383,770
50.40.1         10        9,450,969.30       6,736,421      11,468,149          94,509,693
50.40.2         10       10,100,278.90       7,225,679      11,473,273         101,002,789
50.40.3         10        9,517,365.40       7,221,834      11,464,050          95,173,654
50.40.4         10        9,349,609.40       7,102,442      11,249,589          93,496,094
------------------------------------------------------------------------------------------
TONG/TB        160        9,912,695.18       6,690,284      11,783,871       1,586,031,229

-- Bo customer = 100 --
Instance      Runs                 Avg             Min             Max                 Sum
------------------------------------------------------------------------------------------
100.10.1        10       58,188,886.70      50,319,022      67,323,728         581,888,867
100.10.2        10       57,968,068.40      46,198,916      66,801,005         579,680,684
100.10.3        10       59,176,606.00      51,338,929      65,269,160         591,766,060
100.10.4        10       59,070,518.60      49,308,869      68,893,573         590,705,186
100.20.1        10       61,365,223.10      50,374,754      68,554,405         613,652,231
100.20.2        10       62,226,912.10      49,602,067      70,387,953         622,269,121
100.20.3        10       61,997,692.90      50,058,770      69,313,093         619,976,929
100.20.4        10       61,105,048.30      49,027,945      69,978,933         611,050,483
100.30.1        10       66,221,884.20      57,055,305      71,970,847         662,218,842
100.30.2        10       65,970,957.70      58,151,652      74,361,237         659,709,577
100.30.3        10       64,243,930.70      52,987,174      72,854,073         642,439,307
100.30.4        10       67,976,771.80      59,605,774      75,057,758         679,767,718
100.40.1        10       65,922,853.20      55,328,227      76,054,693         659,228,532
100.40.2        10       67,137,488.50      55,133,525      76,283,930         671,374,885
100.40.3        10       65,378,378.40      56,381,073      75,496,406         653,783,784
100.40.4        10       65,554,541.20      57,118,097      75,570,297         655,545,412
------------------------------------------------------------------------------------------
TONG/TB        160       63,094,110.11      46,198,916      76,283,930      10,095,057,618

-- Bo customer = 200 --
Instance      Runs                 Avg             Min             Max                 Sum
------------------------------------------------------------------------------------------
200.10.1        10      202,880,325.30     194,247,413     213,536,993       2,028,803,253
200.10.2         4      202,443,900.00     194,209,895     212,361,494         809,775,600
------------------------------------------------------------------------------------------
TONG/TB         14      202,755,632.36     194,209,895     213,536,993       2,838,578,853

